Response function created for file:alfna28s at 28-Aug-18 15:01:29
Calibration (a0,a1)=     3.5   14.000  FWHM=    6.8

 Egam(keV) FWHM(keV) EffTot  Photo  Compton Single  Double   Annih
     3.5       2.8   0.701  1.0000  0.0000  0.0000  0.0000  0.0000
    17.5       2.8   0.703  1.0000  0.0000  0.0000  0.0000  0.0000
    31.5       4.8   0.706  0.9160  0.0840  0.0000  0.0000  0.0000
    45.5       6.8   0.709  0.9005  0.0995  0.0000  0.0000  0.0000
    59.5       8.8   0.714  0.8925  0.1075  0.0000  0.0000  0.0000
    73.5      10.8   0.719  0.8742  0.1258  0.0000  0.0000  0.0000
    87.5      12.8   0.725  0.8697  0.1303  0.0000  0.0000  0.0000
   101.5      14.8   0.730  0.8579  0.1421  0.0000  0.0000  0.0000
   115.5      16.7   0.733  0.8490  0.1510  0.0000  0.0000  0.0000
   129.5      18.5   0.736  0.8366  0.1634  0.0000  0.0000  0.0000
   143.5      20.4   0.739  0.8253  0.1747  0.0000  0.0000  0.0000
   157.5      22.2   0.742  0.8149  0.1851  0.0000  0.0000  0.0000
   171.5      24.0   0.744  0.8059  0.1941  0.0000  0.0000  0.0000
   185.5      25.8   0.747  0.7983  0.2017  0.0000  0.0000  0.0000
   199.5      27.5   0.750  0.7875  0.2125  0.0000  0.0000  0.0000
   213.5      29.2   0.754  0.7825  0.2175  0.0000  0.0000  0.0000
   227.5      30.8   0.758  0.7629  0.2371  0.0000  0.0000  0.0000
   241.5      32.5   0.762  0.7566  0.2434  0.0000  0.0000  0.0000
   255.5      34.1   0.767  0.7526  0.2474  0.0000  0.0000  0.0000
   269.5      35.7   0.771  0.7384  0.2616  0.0000  0.0000  0.0000
   283.5      37.2   0.775  0.7332  0.2668  0.0000  0.0000  0.0000
   297.5      38.7   0.779  0.7234  0.2766  0.0000  0.0000  0.0000
   311.5      40.2   0.783  0.7218  0.2782  0.0000  0.0000  0.0000
   325.5      41.6   0.788  0.7074  0.2926  0.0000  0.0000  0.0000
   339.5      43.1   0.792  0.7018  0.2982  0.0000  0.0000  0.0000
   353.5      44.5   0.796  0.6970  0.3030  0.0000  0.0000  0.0000
   367.5      45.8   0.800  0.6936  0.3064  0.0000  0.0000  0.0000
   381.5      47.1   0.804  0.6831  0.3169  0.0000  0.0000  0.0000
   395.5      48.4   0.809  0.6788  0.3212  0.0000  0.0000  0.0000
   409.5      49.7   0.814  0.6744  0.3256  0.0000  0.0000  0.0000
   423.5      50.9   0.819  0.6690  0.3310  0.0000  0.0000  0.0000
   437.5      52.2   0.825  0.6640  0.3360  0.0000  0.0000  0.0000
   451.5      53.3   0.831  0.6599  0.3401  0.0000  0.0000  0.0000
   465.5      54.5   0.836  0.6560  0.3440  0.0000  0.0000  0.0000
   479.5      55.6   0.842  0.6528  0.3472  0.0000  0.0000  0.0000
   493.5      56.7   0.847  0.6482  0.3518  0.0000  0.0000  0.0000
   507.5      57.7   0.852  0.6408  0.3592  0.0000  0.0000  0.0000
   521.5      58.8   0.855  0.6369  0.3631  0.0000  0.0000  0.0000
   535.5      59.8   0.859  0.6326  0.3674  0.0000  0.0000  0.0000
   549.5      60.7   0.862  0.6303  0.3697  0.0000  0.0000  0.0000
   563.5      61.6   0.866  0.6266  0.3734  0.0000  0.0000  0.0000
   577.5      62.6   0.869  0.6236  0.3764  0.0000  0.0000  0.0000
   591.5      63.4   0.873  0.6167  0.3833  0.0000  0.0000  0.0000
   605.5      64.3   0.876  0.6088  0.3912  0.0000  0.0000  0.0000
   619.5      65.1   0.880  0.6053  0.3947  0.0000  0.0000  0.0000
   633.5      65.9   0.883  0.6021  0.3979  0.0000  0.0000  0.0000
   647.5      66.6   0.887  0.5988  0.4012  0.0000  0.0000  0.0000
   661.5      67.3   0.890  0.5960  0.4040  0.0000  0.0000  0.0000
   675.5      68.0   0.894  0.5932  0.4068  0.0000  0.0000  0.0000
   689.5      68.7   0.897  0.5877  0.4123  0.0000  0.0000  0.0000
   703.5      69.3   0.901  0.5882  0.4118  0.0000  0.0000  0.0000
   717.5      69.9   0.904  0.5871  0.4129  0.0000  0.0000  0.0000
   731.5      70.5   0.907  0.5858  0.4142  0.0000  0.0000  0.0000
   745.5      71.0   0.911  0.5842  0.4158  0.0000  0.0000  0.0000
   759.5      71.5   0.914  0.5822  0.4178  0.0000  0.0000  0.0000
   773.5      72.0   0.917  0.5800  0.4200  0.0000  0.0000  0.0000
   787.5      72.4   0.920  0.5766  0.4234  0.0000  0.0000  0.0000
   801.5      72.8   0.924  0.5749  0.4251  0.0000  0.0000  0.0000
   815.5      73.2   0.927  0.5750  0.4250  0.0000  0.0000  0.0000
   829.5      73.6   0.930  0.5723  0.4277  0.0000  0.0000  0.0000
   843.5      73.9   0.933  0.5720  0.4280  0.0000  0.0000  0.0000
   857.5      74.5   0.937  0.5656  0.4342  0.0002  0.0000  0.0000
   871.5      75.1   0.940  0.5631  0.4365  0.0004  0.0000  0.0000
   885.5      75.8   0.943  0.5589  0.4404  0.0007  0.0000  0.0000
   899.5      76.4   0.947  0.5535  0.4455  0.0009  0.0000  0.0000
   913.5      77.0   0.950  0.5530  0.4458  0.0012  0.0000  0.0000
   927.5      77.6   0.953  0.5478  0.4507  0.0015  0.0000  0.0000
   941.5      78.2   0.956  0.5436  0.4547  0.0017  0.0000  0.0000
   955.5      78.8   0.960  0.5389  0.4592  0.0020  0.0000  0.0000
   969.5      79.3   0.963  0.5342  0.4636  0.0022  0.0000  0.0000
   983.5      79.8   0.966  0.5281  0.4694  0.0025  0.0000  0.0000
   997.5      80.4   0.969  0.5231  0.4741  0.0027  0.0000  0.0000
  1011.5      80.8   0.971  0.5192  0.4778  0.0030  0.0000  0.0000
  1025.5      81.3   0.972  0.5149  0.4818  0.0032  0.0000  0.0000
  1039.5      81.8   0.972  0.5104  0.4861  0.0035  0.0000  0.0000
  1053.5      82.2   0.973  0.5065  0.4898  0.0037  0.0000  0.0000
  1067.5      82.6   0.974  0.5017  0.4943  0.0040  0.0000  0.0000
  1081.5      83.0   0.975  0.4977  0.4981  0.0042  0.0000  0.0000
  1095.5      83.4   0.976  0.4933  0.5022  0.0045  0.0000  0.0000
  1109.5      83.8   0.977  0.4884  0.5068  0.0047  0.0000  0.0000
  1123.5      84.1   0.977  0.4846  0.5104  0.0050  0.0000  0.0000
  1137.5      84.5   0.978  0.4800  0.5148  0.0052  0.0000  0.0000
  1151.5      84.8   0.979  0.4760  0.5185  0.0055  0.0000  0.0000
  1165.5      85.1   0.980  0.4706  0.5237  0.0057  0.0000  0.0000
  1179.5      85.4   0.981  0.4658  0.5282  0.0060  0.0000  0.0000
  1193.5      85.6   0.982  0.4622  0.5315  0.0062  0.0000  0.0000
  1207.5      85.9   0.982  0.4574  0.5361  0.0065  0.0000  0.0000
  1221.5      86.1   0.983  0.4536  0.5397  0.0068  0.0000  0.0000
  1235.5      86.3   0.984  0.4492  0.5438  0.0070  0.0000  0.0000
  1249.5      86.9   0.985  0.4462  0.5465  0.0071  0.0000  0.0001
  1263.5      87.6   0.986  0.4454  0.5470  0.0072  0.0000  0.0003
  1277.5      88.3   0.987  0.4428  0.5495  0.0073  0.0000  0.0004
  1291.5      89.0   0.987  0.4418  0.5502  0.0075  0.0000  0.0006
  1305.5      89.7   0.988  0.4391  0.5526  0.0075  0.0000  0.0007
  1319.5      90.4   0.989  0.4370  0.5545  0.0076  0.0000  0.0009
  1333.5      91.1   0.990  0.4343  0.5569  0.0077  0.0000  0.0010
  1347.5      91.8   0.991  0.4319  0.5591  0.0078  0.0000  0.0012
  1361.5      92.5   0.992  0.4305  0.5602  0.0079  0.0000  0.0013
  1375.5      93.1   0.993  0.4283  0.5622  0.0080  0.0000  0.0015
  1389.5      93.8   0.993  0.4266  0.5636  0.0082  0.0000  0.0016
  1403.5      94.5   0.994  0.4255  0.5644  0.0083  0.0000  0.0018
  1417.5      95.1   0.995  0.4238  0.5659  0.0084  0.0000  0.0019
  1431.5      95.8   0.996  0.4215  0.5680  0.0085  0.0000  0.0021
  1445.5      96.4   0.997  0.4183  0.5709  0.0086  0.0000  0.0022
  1459.5      97.0   0.998  0.4163  0.5727  0.0087  0.0000  0.0024
  1473.5      97.7   0.998  0.4142  0.5745  0.0088  0.0000  0.0025
  1487.5      98.3   0.999  0.4123  0.5761  0.0089  0.0000  0.0027
  1501.5      98.9   1.000  0.4102  0.5780  0.0090  0.0000  0.0028
  1515.5      99.5   1.000  0.4082  0.5798  0.0091  0.0000  0.0030
  1529.5     100.1   1.001  0.4062  0.5815  0.0092  0.0000  0.0031
  1543.5     100.7   1.001  0.4043  0.5832  0.0093  0.0000  0.0033
  1557.5     101.3   1.002  0.4022  0.5849  0.0094  0.0000  0.0034
  1571.5     101.9   1.002  0.4003  0.5866  0.0095  0.0000  0.0036
  1585.5     102.5   1.003  0.3985  0.5881  0.0096  0.0000  0.0037
  1599.5     103.1   1.003  0.3965  0.5899  0.0097  0.0000  0.0039
  1613.5     103.6   1.003  0.3947  0.5914  0.0098  0.0000  0.0040
  1627.5     104.2   1.004  0.3930  0.5929  0.0099  0.0000  0.0042
  1641.5     104.8   1.004  0.3912  0.5944  0.0100  0.0000  0.0043
  1655.5     105.3   1.005  0.3892  0.5962  0.0101  0.0000  0.0045
  1669.5     105.9   1.005  0.3877  0.5975  0.0102  0.0000  0.0047
  1683.5     106.4   1.006  0.3858  0.5991  0.0103  0.0000  0.0048
  1697.5     106.9   1.006  0.3827  0.6019  0.0104  0.0000  0.0049
  1711.5     107.5   1.006  0.3810  0.6033  0.0105  0.0000  0.0051
  1725.5     108.0   1.007  0.3795  0.6046  0.0106  0.0000  0.0053
  1739.5     108.5   1.007  0.3772  0.6067  0.0107  0.0000  0.0054
  1753.5     109.0   1.008  0.3752  0.6084  0.0108  0.0000  0.0056
  1767.5     109.5   1.008  0.3738  0.6095  0.0109  0.0000  0.0057
  1781.5     110.1   1.008  0.3721  0.6110  0.0111  0.0000  0.0059
  1795.5     110.7   1.009  0.3704  0.6124  0.0112  0.0000  0.0061
  1809.5     111.4   1.009  0.3705  0.6118  0.0114  0.0000  0.0063
  1823.5     112.0   1.010  0.3689  0.6130  0.0116  0.0000  0.0065
  1837.5     112.7   1.010  0.3667  0.6149  0.0117  0.0000  0.0067
  1851.5     113.3   1.011  0.3661  0.6151  0.0119  0.0000  0.0069
  1865.5     113.9   1.011  0.3647  0.6161  0.0120  0.0000  0.0071
  1879.5     114.6   1.011  0.3635  0.6170  0.0122  0.0000  0.0073
  1893.5     115.2   1.012  0.3625  0.6176  0.0123  0.0000  0.0075
  1907.5     115.8   1.012  0.3614  0.6184  0.0125  0.0000  0.0077
  1921.5     116.4   1.013  0.3601  0.6194  0.0127  0.0000  0.0079
  1935.5     117.1   1.013  0.3589  0.6202  0.0128  0.0000  0.0081
  1949.5     117.7   1.013  0.3577  0.6210  0.0130  0.0000  0.0083
  1963.5     118.3   1.014  0.3556  0.6228  0.0131  0.0000  0.0085
  1977.5     118.9   1.014  0.3545  0.6236  0.0133  0.0000  0.0087
  1991.5     119.5   1.015  0.3532  0.6244  0.0134  0.0000  0.0089
  2005.5     120.1   1.015  0.3521  0.6252  0.0136  0.0000  0.0091
  2019.5     120.7   1.015  0.3508  0.6261  0.0138  0.0000  0.0093
  2033.5     121.3   1.016  0.3495  0.6271  0.0139  0.0000  0.0095
  2047.5     121.9   1.016  0.3483  0.6279  0.0141  0.0000  0.0097
  2061.5     122.5   1.016  0.3471  0.6287  0.0143  0.0000  0.0099
  2075.5     123.1   1.017  0.3458  0.6296  0.0144  0.0000  0.0101
  2089.5     123.6   1.017  0.3438  0.6314  0.0145  0.0000  0.0103
  2103.5     124.2   1.017  0.3424  0.6323  0.0147  0.0000  0.0105
  2117.5     124.8   1.017  0.3411  0.6333  0.0149  0.0000  0.0107
  2131.5     125.4   1.018  0.3398  0.6343  0.0150  0.0000  0.0109
  2145.5     125.9   1.018  0.3386  0.6350  0.0152  0.0000  0.0111
  2159.5     126.5   1.018  0.3373  0.6360  0.0153  0.0000  0.0113
  2173.5     127.1   1.018  0.3359  0.6371  0.0155  0.0000  0.0115
  2187.5     127.6   1.019  0.3345  0.6381  0.0157  0.0000  0.0117
  2201.5     128.2   1.019  0.3332  0.6391  0.0158  0.0000  0.0119
  2215.5     128.7   1.019  0.3318  0.6401  0.0160  0.0000  0.0121
  2229.5     129.3   1.020  0.3297  0.6419  0.0161  0.0000  0.0123
  2243.5     129.8   1.020  0.3283  0.6429  0.0162  0.0000  0.0125
  2257.5     130.4   1.020  0.3269  0.6440  0.0164  0.0000  0.0127
  2271.5     130.9   1.020  0.3256  0.6449  0.0166  0.0000  0.0129
  2285.5     131.4   1.021  0.3241  0.6460  0.0167  0.0000  0.0131
  2299.5     132.0   1.021  0.3228  0.6470  0.0169  0.0000  0.0133
  2313.5     132.5   1.021  0.3214  0.6481  0.0170  0.0000  0.0135
  2327.5     133.0   1.022  0.3200  0.6491  0.0172  0.0000  0.0137
  2341.5     133.5   1.022  0.3185  0.6502  0.0173  0.0000  0.0139
  2355.5     134.1   1.022  0.3171  0.6513  0.0175  0.0000  0.0141
  2369.5     134.6   1.022  0.3151  0.6530  0.0176  0.0000  0.0143
  2383.5     135.1   1.023  0.3136  0.6541  0.0178  0.0000  0.0145
  2397.5     135.6   1.023  0.3122  0.6551  0.0179  0.0000  0.0147
  2411.5     136.1   1.023  0.3107  0.6563  0.0181  0.0000  0.0149
  2425.5     136.6   1.024  0.3093  0.6574  0.0182  0.0000  0.0151
  2439.5     137.1   1.024  0.3078  0.6586  0.0184  0.0000  0.0153
  2453.5     137.6   1.024  0.3063  0.6597  0.0185  0.0000  0.0155
  2467.5     138.1   1.024  0.3052  0.6604  0.0187  0.0000  0.0157
  2481.5     138.6   1.025  0.3038  0.6614  0.0188  0.0000  0.0159
  2495.5     139.1   1.025  0.3024  0.6626  0.0190  0.0000  0.0161
  2509.5     139.5   1.025  0.3008  0.6637  0.0191  0.0000  0.0163
  2523.5     140.0   1.025  0.2988  0.6655  0.0193  0.0000  0.0165
  2537.5     140.5   1.026  0.2973  0.6667  0.0194  0.0000  0.0166
  2551.5     141.0   1.026  0.2958  0.6678  0.0196  0.0000  0.0168
  2565.5     141.4   1.026  0.2943  0.6689  0.0197  0.0000  0.0170
  2579.5     141.9   1.027  0.2929  0.6701  0.0199  0.0000  0.0172
  2593.5     142.4   1.027  0.2913  0.6712  0.0200  0.0000  0.0174
  2607.5     142.8   1.027  0.2899  0.6724  0.0201  0.0000  0.0176
  2621.5     143.3   1.027  0.2884  0.6734  0.0203  0.0000  0.0178
  2635.5     143.7   1.028  0.2869  0.6747  0.0204  0.0000  0.0180
  2649.5     144.2   1.028  0.2855  0.6757  0.0206  0.0000  0.0182
  2663.5     144.6   1.028  0.2840  0.6768  0.0207  0.0000  0.0184
  2677.5     145.1   1.029  0.2826  0.6779  0.0209  0.0000  0.0186
  2691.5     145.5   1.029  0.2806  0.6797  0.0210  0.0000  0.0188
  2705.5     145.9   1.029  0.2790  0.6809  0.0211  0.0000  0.0189
  2719.5     146.4   1.029  0.2777  0.6818  0.0213  0.0000  0.0192
  2733.5     146.8   1.030  0.2764  0.6827  0.0215  0.0000  0.0194
  2747.5     147.2   1.030  0.2751  0.6837  0.0216  0.0000  0.0196
  2761.5     147.6   1.030  0.2735  0.6850  0.0218  0.0000  0.0197
  2775.5     148.1   1.031  0.2720  0.6861  0.0219  0.0000  0.0199
  2789.5     148.5   1.031  0.2713  0.6863  0.0221  0.0000  0.0202
  2803.5     148.9   1.031  0.2706  0.6867  0.0223  0.0000  0.0204
  2817.5     149.3   1.031  0.2691  0.6878  0.0225  0.0000  0.0206
  2831.5     149.7   1.032  0.2670  0.6897  0.0226  0.0000  0.0208
  2845.5     150.2   1.032  0.2658  0.6902  0.0229  0.0002  0.0209
  2859.5     150.8   1.032  0.2649  0.6903  0.0235  0.0006  0.0208
  2873.5     151.3   1.032  0.2635  0.6909  0.0240  0.0010  0.0207
  2887.5     151.9   1.033  0.2632  0.6902  0.0246  0.0013  0.0207
  2901.5     152.5   1.033  0.2623  0.6902  0.0251  0.0017  0.0206
  2915.5     153.0   1.033  0.2615  0.6902  0.0257  0.0021  0.0205
  2929.5     153.6   1.034  0.2606  0.6902  0.0263  0.0025  0.0205
  2943.5     154.2   1.034  0.2598  0.6901  0.0268  0.0029  0.0204
  2957.5     154.8   1.034  0.2590  0.6899  0.0274  0.0033  0.0204
  2971.5     155.3   1.034  0.2584  0.6896  0.0280  0.0037  0.0203
  2985.5     155.9   1.035  0.2575  0.6896  0.0285  0.0041  0.0203
  2999.5     156.4   1.035  0.2562  0.6901  0.0290  0.0045  0.0202
  3013.5     157.0   1.035  0.2553  0.6902  0.0296  0.0048  0.0201
  3027.5     157.6   1.035  0.2545  0.6901  0.0301  0.0052  0.0200
  3041.5     158.1   1.035  0.2537  0.6900  0.0307  0.0056  0.0200
  3055.5     158.7   1.036  0.2534  0.6893  0.0313  0.0060  0.0200
  3069.5     159.2   1.036  0.2523  0.6896  0.0319  0.0064  0.0199
  3083.5     159.8   1.036  0.2514  0.6895  0.0324  0.0068  0.0198
  3097.5     160.3   1.036  0.2509  0.6893  0.0328  0.0070  0.0200
  3111.5     160.8   1.036  0.2497  0.6900  0.0329  0.0070  0.0204
  3125.5     161.3   1.036  0.2486  0.6907  0.0331  0.0070  0.0207
  3139.5     161.8   1.036  0.2478  0.6909  0.0332  0.0070  0.0211
  3153.5     162.3   1.037  0.2470  0.6911  0.0334  0.0070  0.0215
  3167.5     162.8   1.037  0.2460  0.6915  0.0336  0.0071  0.0218
  3181.5     163.2   1.037  0.2451  0.6919  0.0337  0.0071  0.0222
  3195.5     163.7   1.037  0.2443  0.6921  0.0339  0.0071  0.0226
  3209.5     164.2   1.037  0.2436  0.6921  0.0341  0.0071  0.0230
  3223.5     164.7   1.037  0.2430  0.6921  0.0343  0.0072  0.0234
  3237.5     165.2   1.037  0.2421  0.6924  0.0345  0.0072  0.0237
  3251.5     165.7   1.038  0.2413  0.6926  0.0347  0.0072  0.0241
  3265.5     166.1   1.038  0.2405  0.6929  0.0349  0.0073  0.0245
  3279.5     166.6   1.038  0.2398  0.6930  0.0351  0.0073  0.0249
  3293.5     167.1   1.038  0.2392  0.6930  0.0353  0.0073  0.0253
  3307.5     167.5   1.038  0.2380  0.6937  0.0354  0.0073  0.0256
  3321.5     168.0   1.038  0.2371  0.6940  0.0356  0.0074  0.0260
  3335.5     168.5   1.038  0.2368  0.6935  0.0359  0.0074  0.0264
  3349.5     168.9   1.038  0.2360  0.6938  0.0360  0.0074  0.0268
  3363.5     169.4   1.039  0.2352  0.6939  0.0362  0.0075  0.0271
  3377.5     169.9   1.039  0.2345  0.6940  0.0364  0.0075  0.0275
  3391.5     170.3   1.039  0.2337  0.6943  0.0366  0.0075  0.0279
  3405.5     170.8   1.039  0.2328  0.6946  0.0368  0.0075  0.0283
  3419.5     171.2   1.039  0.2320  0.6948  0.0370  0.0076  0.0286
  3433.5     171.7   1.039  0.2312  0.6950  0.0372  0.0076  0.0290
  3447.5     172.1   1.039  0.2305  0.6951  0.0374  0.0076  0.0294
  3461.5     172.6   1.040  0.2297  0.6953  0.0375  0.0076  0.0298
  3475.5     173.0   1.040  0.2284  0.6962  0.0376  0.0076  0.0301
  3489.5     173.5   1.040  0.2276  0.6964  0.0378  0.0077  0.0305
  3503.5     173.9   1.040  0.2268  0.6966  0.0380  0.0077  0.0309
  3517.5     174.3   1.040  0.2261  0.6967  0.0382  0.0077  0.0313
  3531.5     174.8   1.040  0.2252  0.6970  0.0384  0.0078  0.0316
  3545.5     175.2   1.040  0.2244  0.6973  0.0386  0.0078  0.0320
  3559.5     175.7   1.041  0.2235  0.6976  0.0387  0.0078  0.0324
  3573.5     176.1   1.041  0.2227  0.6977  0.0389  0.0078  0.0328
  3587.5     176.5   1.041  0.2220  0.6979  0.0391  0.0079  0.0331
  3601.5     176.9   1.041  0.2212  0.6981  0.0393  0.0079  0.0335
  3615.5     177.4   1.041  0.2203  0.6984  0.0395  0.0079  0.0339
  3629.5     177.8   1.041  0.2195  0.6986  0.0397  0.0079  0.0343
  3643.5     178.2   1.041  0.2187  0.6989  0.0399  0.0080  0.0346
  3657.5     178.6   1.042  0.2174  0.6997  0.0400  0.0080  0.0350
  3671.5     179.0   1.042  0.2167  0.6998  0.0402  0.0080  0.0353
  3685.5     179.5   1.042  0.2159  0.7001  0.0403  0.0080  0.0357
  3699.5     179.9   1.042  0.2150  0.7003  0.0405  0.0081  0.0361
  3713.5     180.3   1.042  0.2142  0.7005  0.0407  0.0081  0.0365
  3727.5     180.7   1.042  0.2134  0.7008  0.0409  0.0081  0.0368
  3741.5     181.1   1.042  0.2126  0.7010  0.0411  0.0081  0.0372
  3755.5     181.5   1.043  0.2118  0.7012  0.0413  0.0082  0.0376
  3769.5     181.9   1.043  0.2109  0.7015  0.0414  0.0082  0.0380
  3783.5     182.3   1.043  0.2101  0.7017  0.0416  0.0082  0.0384
  3797.5     182.7   1.043  0.2092  0.7020  0.0418  0.0082  0.0387
  3811.5     183.1   1.043  0.2085  0.7022  0.0420  0.0083  0.0391
  3825.5     183.5   1.043  0.2076  0.7025  0.0422  0.0083  0.0395
  3839.5     183.9   1.043  0.2064  0.7032  0.0423  0.0083  0.0398
  3853.5     184.3   1.044  0.2055  0.7035  0.0424  0.0083  0.0402
  3867.5     184.7   1.044  0.2047  0.7037  0.0426  0.0084  0.0405
  3881.5     185.1   1.044  0.2039  0.7040  0.0428  0.0084  0.0409
  3895.5     185.4   1.044  0.2030  0.7043  0.0430  0.0084  0.0413
  3909.5     185.8   1.044  0.2022  0.7045  0.0432  0.0084  0.0417
  3923.5     186.2   1.044  0.2013  0.7049  0.0433  0.0085  0.0420
  3937.5     186.6   1.044  0.2005  0.7050  0.0435  0.0085  0.0424
  3951.5     187.0   1.045  0.1997  0.7053  0.0437  0.0085  0.0428
  3965.5     187.3   1.045  0.1988  0.7056  0.0439  0.0085  0.0432
  3979.5     187.7   1.045  0.1980  0.7059  0.0441  0.0086  0.0435
  3993.5     188.1   1.045  0.1971  0.7062  0.0442  0.0086  0.0439
  4007.5     188.4   1.045  0.1963  0.7064  0.0444  0.0086  0.0443
  4021.5     188.8   1.045  0.1954  0.7067  0.0446  0.0086  0.0446
  4035.5     189.2   1.045  0.1946  0.7070  0.0448  0.0087  0.0450
  4049.5     189.5   1.045  0.1934  0.7078  0.0449  0.0087  0.0453
  4063.5     189.9   1.046  0.1925  0.7081  0.0450  0.0087  0.0457
  4077.5     190.2   1.046  0.1917  0.7084  0.0452  0.0087  0.0460
  4091.5     190.6   1.046  0.1908  0.7086  0.0454  0.0087  0.0464
  4105.5     191.0   1.046  0.1900  0.7089  0.0456  0.0088  0.0468
  4119.5     191.3   1.046  0.1891  0.7092  0.0458  0.0088  0.0472
  4133.5     191.7   1.046  0.1883  0.7095  0.0459  0.0088  0.0475
  4147.5     192.0   1.046  0.1874  0.7098  0.0461  0.0088  0.0479
  4161.5     192.3   1.047  0.1865  0.7101  0.0463  0.0089  0.0483
  4175.5     192.7   1.047  0.1857  0.7104  0.0465  0.0089  0.0486
  4189.5     193.0   1.047  0.1848  0.7107  0.0466  0.0089  0.0490
  4203.5     193.4   1.047  0.1840  0.7109  0.0468  0.0089  0.0494
  4217.5     193.7   1.047  0.1831  0.7111  0.0470  0.0090  0.0498
  4231.5     194.0   1.047  0.1823  0.7115  0.0472  0.0090  0.0501
  4245.5     194.4   1.047  0.1813  0.7119  0.0473  0.0090  0.0505
  4259.5     194.7   1.048  0.1802  0.7126  0.0474  0.0090  0.0508
  4273.5     195.0   1.048  0.1793  0.7129  0.0476  0.0090  0.0511
  4287.5     195.4   1.048  0.1785  0.7132  0.0478  0.0091  0.0515
  4301.5     195.7   1.048  0.1776  0.7135  0.0479  0.0091  0.0519
  4315.5     196.0   1.048  0.1768  0.7138  0.0481  0.0091  0.0522
  4329.5     196.3   1.048  0.1760  0.7139  0.0483  0.0091  0.0526
  4343.5     196.7   1.048  0.1751  0.7143  0.0485  0.0092  0.0530
  4357.5     197.0   1.049  0.1741  0.7147  0.0486  0.0092  0.0533
  4371.5     197.3   1.049  0.1733  0.7150  0.0488  0.0092  0.0537
  4385.5     197.6   1.049  0.1724  0.7153  0.0490  0.0092  0.0541
  4399.5     197.9   1.049  0.1716  0.7156  0.0492  0.0093  0.0544
  4413.5     198.2   1.049  0.1707  0.7158  0.0493  0.0093  0.0548
  4427.5     198.5   1.049  0.1699  0.7161  0.0495  0.0093  0.0552
  4441.5     198.8   1.049  0.1691  0.7163  0.0497  0.0093  0.0556
  4455.5     199.1   1.050  0.1681  0.7168  0.0498  0.0094  0.0559
  4469.5     199.4   1.050  0.1672  0.7171  0.0500  0.0094  0.0562
  4483.5     199.7   1.050  0.1664  0.7175  0.0502  0.0094  0.0566
  4497.5     200.0   1.050  0.1657  0.7175  0.0504  0.0094  0.0570
  4511.5     200.4   1.050  0.1652  0.7182  0.0504  0.0094  0.0567
  4525.5     200.7   1.050  0.1649  0.7186  0.0505  0.0094  0.0565
  4539.5     201.1   1.050  0.1646  0.7191  0.0506  0.0094  0.0563
  4553.5     201.4   1.051  0.1642  0.7196  0.0507  0.0094  0.0561
  4567.5     201.8   1.051  0.1641  0.7197  0.0508  0.0094  0.0560
  4581.5     202.1   1.051  0.1639  0.7201  0.0509  0.0093  0.0558
  4595.5     202.5   1.051  0.1636  0.7205  0.0510  0.0093  0.0556
  4609.5     202.8   1.051  0.1633  0.7209  0.0511  0.0093  0.0554
  4623.5     203.2   1.051  0.1630  0.7213  0.0512  0.0093  0.0552
  4637.5     203.5   1.051  0.1627  0.7217  0.0513  0.0093  0.0550
  4651.5     203.8   1.052  0.1624  0.7222  0.0514  0.0093  0.0548
  4665.5     204.2   1.052  0.1621  0.7226  0.0514  0.0093  0.0546
  4679.5     204.5   1.052  0.1619  0.7229  0.0516  0.0092  0.0544
  4693.5     204.8   1.052  0.1617  0.7231  0.0517  0.0092  0.0542
  4707.5     205.2   1.052  0.1615  0.7235  0.0518  0.0092  0.0540
  4721.5     205.5   1.052  0.1612  0.7239  0.0519  0.0092  0.0538
  4735.5     205.8   1.052  0.1606  0.7248  0.0519  0.0092  0.0536
  4749.5     206.1   1.052  0.1603  0.7252  0.0520  0.0092  0.0534
  4763.5     206.5   1.053  0.1600  0.7256  0.0520  0.0092  0.0532
  4777.5     206.8   1.053  0.1598  0.7260  0.0521  0.0091  0.0530
  4791.5     207.1   1.053  0.1595  0.7263  0.0522  0.0091  0.0528
  4805.5     207.4   1.053  0.1592  0.7267  0.0523  0.0091  0.0526
  4819.5     207.7   1.053  0.1590  0.7270  0.0525  0.0091  0.0524
  4833.5     208.0   1.053  0.1587  0.7274  0.0526  0.0091  0.0522
  4847.5     208.4   1.053  0.1585  0.7278  0.0526  0.0091  0.0520
  4861.5     208.7   1.054  0.1582  0.7282  0.0527  0.0091  0.0518
  4875.5     209.0   1.054  0.1579  0.7286  0.0528  0.0091  0.0516
  4889.5     209.3   1.054  0.1577  0.7289  0.0529  0.0090  0.0514
  4903.5     209.6   1.054  0.1574  0.7293  0.0530  0.0090  0.0512
  4917.5     209.9   1.054  0.1571  0.7297  0.0531  0.0090  0.0510
  4931.5     210.2   1.054  0.1568  0.7301  0.0532  0.0090  0.0509
  4945.5     210.5   1.054  0.1566  0.7304  0.0533  0.0090  0.0507
  4959.5     210.8   1.055  0.1563  0.7308  0.0534  0.0090  0.0505
  4973.5     211.1   1.055  0.1561  0.7311  0.0535  0.0090  0.0503
  4987.5     211.4   1.055  0.1555  0.7321  0.0535  0.0089  0.0500
  5001.5     211.7   1.055  0.1552  0.7325  0.0536  0.0089  0.0498
  5015.5     212.0   1.055  0.1549  0.7329  0.0537  0.0089  0.0496
  5029.5     212.3   1.055  0.1546  0.7333  0.0538  0.0089  0.0494
  5043.5     212.6   1.055  0.1544  0.7337  0.0539  0.0089  0.0492
  5057.5     212.8   1.055  0.1541  0.7339  0.0540  0.0089  0.0490
  5071.5     213.1   1.056  0.1539  0.7343  0.0541  0.0089  0.0488
  5085.5     213.4   1.056  0.1536  0.7347  0.0542  0.0089  0.0486
  5099.5     213.7   1.056  0.1533  0.7351  0.0543  0.0088  0.0485
  5113.5     214.0   1.056  0.1531  0.7355  0.0544  0.0088  0.0483
  5127.5     214.3   1.056  0.1528  0.7359  0.0545  0.0088  0.0481
  5141.5     214.5   1.056  0.1525  0.7363  0.0546  0.0088  0.0479
  5155.5     214.8   1.056  0.1522  0.7366  0.0547  0.0088  0.0477
  5169.5     215.1   1.056  0.1520  0.7369  0.0548  0.0088  0.0475
  5183.5     215.4   1.056  0.1517  0.7373  0.0549  0.0088  0.0473
  5197.5     215.6   1.056  0.1515  0.7377  0.0550  0.0088  0.0471
  5211.5     215.9   1.057  0.1512  0.7381  0.0551  0.0087  0.0469
  5225.5     216.2   1.057  0.1509  0.7385  0.0552  0.0087  0.0467
  5239.5     216.4   1.057  0.1507  0.7388  0.0553  0.0087  0.0465
  5253.5     216.7   1.057  0.1501  0.7398  0.0552  0.0087  0.0462
  5267.5     217.0   1.057  0.1498  0.7401  0.0553  0.0087  0.0460
  5281.5     217.2   1.057  0.1495  0.7405  0.0554  0.0087  0.0458
  5295.5     217.5   1.057  0.1493  0.7408  0.0556  0.0086  0.0457
  5309.5     217.7   1.057  0.1490  0.7412  0.0556  0.0086  0.0455
  5323.5     218.0   1.057  0.1488  0.7416  0.0557  0.0086  0.0453
  5337.5     218.2   1.058  0.1485  0.7420  0.0558  0.0086  0.0451
  5351.5     218.5   1.058  0.1482  0.7423  0.0559  0.0086  0.0449
  5365.5     218.8   1.058  0.1481  0.7425  0.0561  0.0086  0.0447
  5379.5     219.0   1.058  0.1478  0.7428  0.0562  0.0086  0.0445
  5393.5     219.2   1.058  0.1476  0.7432  0.0563  0.0086  0.0444
  5407.5     219.5   1.058  0.1473  0.7435  0.0564  0.0086  0.0442
  5421.5     219.7   1.058  0.1471  0.7439  0.0565  0.0085  0.0440
  5435.5     220.0   1.058  0.1468  0.7443  0.0566  0.0085  0.0438
  5449.5     220.2   1.058  0.1465  0.7447  0.0567  0.0085  0.0436
  5463.5     220.5   1.058  0.1462  0.7451  0.0568  0.0085  0.0434
  5477.5     220.7   1.059  0.1460  0.7455  0.0569  0.0085  0.0432
  5491.5     220.9   1.059  0.1457  0.7459  0.0570  0.0085  0.0430
  5505.5     221.2   1.059  0.1454  0.7463  0.0571  0.0085  0.0428
  5519.5     221.4   1.059  0.1451  0.7466  0.0572  0.0085  0.0426
  5533.5     221.6   1.059  0.1449  0.7470  0.0573  0.0084  0.0424
  5547.5     221.9   1.059  0.1446  0.7474  0.0574  0.0084  0.0422
  5561.5     222.1   1.059  0.1440  0.7483  0.0573  0.0084  0.0419
  5575.5     222.3   1.059  0.1438  0.7487  0.0574  0.0084  0.0417
  5589.5     222.5   1.059  0.1435  0.7490  0.0575  0.0084  0.0416
  5603.5     222.8   1.060  0.1432  0.7495  0.0576  0.0084  0.0414
  5617.5     223.0   1.060  0.1429  0.7498  0.0577  0.0083  0.0412
  5631.5     223.2   1.060  0.1426  0.7503  0.0578  0.0083  0.0410
  5645.5     223.4   1.060  0.1424  0.7506  0.0579  0.0083  0.0408
  5659.5     223.6   1.060  0.1421  0.7511  0.0580  0.0083  0.0406
  5673.5     223.8   1.060  0.1418  0.7515  0.0581  0.0083  0.0404
  5687.5     224.1   1.060  0.1415  0.7519  0.0582  0.0083  0.0402
  5701.5     224.3   1.060  0.1412  0.7522  0.0583  0.0083  0.0400
  5715.5     224.5   1.060  0.1410  0.7526  0.0584  0.0083  0.0398
  5729.5     224.7   1.060  0.1407  0.7530  0.0585  0.0082  0.0396
  5743.5     224.9   1.061  0.1404  0.7534  0.0586  0.0082  0.0394
  5757.5     225.1   1.061  0.1402  0.7538  0.0587  0.0082  0.0392
  5771.5     225.3   1.061  0.1398  0.7542  0.0588  0.0082  0.0390
  5785.5     225.5   1.061  0.1395  0.7547  0.0588  0.0082  0.0388
  5799.5     225.7   1.061  0.1392  0.7551  0.0589  0.0082  0.0386
  5813.5     225.9   1.061  0.1390  0.7555  0.0590  0.0082  0.0384
  5827.5     226.1   1.061  0.1387  0.7559  0.0591  0.0081  0.0382
  5841.5     226.3   1.061  0.1384  0.7562  0.0592  0.0081  0.0380
  5855.5     226.5   1.061  0.1381  0.7566  0.0593  0.0081  0.0378
  5869.5     226.7   1.062  0.1379  0.7570  0.0594  0.0081  0.0376
  5883.5     226.9   1.062  0.1376  0.7574  0.0595  0.0081  0.0374
  5897.5     227.0   1.062  0.1373  0.7578  0.0596  0.0081  0.0372
  5911.5     227.2   1.062  0.1370  0.7583  0.0597  0.0081  0.0370
  5925.5     227.4   1.062  0.1367  0.7587  0.0598  0.0080  0.0368
  5939.5     227.6   1.062  0.1362  0.7595  0.0597  0.0080  0.0365
  5953.5     227.8   1.062  0.1359  0.7599  0.0598  0.0080  0.0363
  5967.5     228.0   1.062  0.1356  0.7603  0.0599  0.0080  0.0361
  5981.5     228.1   1.062  0.1353  0.7607  0.0600  0.0080  0.0360
  5995.5     228.3   1.062  0.1351  0.7611  0.0601  0.0080  0.0358
  6009.5     228.5   1.063  0.1348  0.7615  0.0602  0.0080  0.0356
  6023.5     228.7   1.063  0.1345  0.7618  0.0603  0.0079  0.0354
  6037.5     228.8   1.063  0.1343  0.7622  0.0604  0.0079  0.0352
  6051.5     229.0   1.063  0.1340  0.7627  0.0605  0.0079  0.0350
  6065.5     229.2   1.063  0.1335  0.7633  0.0605  0.0079  0.0347
  6079.5     229.3   1.063  0.1332  0.7638  0.0606  0.0079  0.0345
  6093.5     229.5   1.063  0.1328  0.7643  0.0607  0.0079  0.0343
  6107.5     229.7   1.063  0.1325  0.7648  0.0607  0.0078  0.0341
  6121.5     229.8   1.063  0.1322  0.7653  0.0608  0.0078  0.0339
  6135.5     230.1   1.064  0.1321  0.7654  0.0609  0.0078  0.0338
  6149.5     230.5   1.064  0.1320  0.7654  0.0608  0.0079  0.0340
  6163.5     231.0   1.064  0.1319  0.7655  0.0607  0.0079  0.0341
  6177.5     231.4   1.064  0.1317  0.7656  0.0606  0.0079  0.0342
  6191.5     231.9   1.064  0.1316  0.7657  0.0605  0.0079  0.0343
  6205.5     232.3   1.064  0.1313  0.7660  0.0603  0.0079  0.0344
  6219.5     232.8   1.064  0.1312  0.7660  0.0603  0.0079  0.0346
  6233.5     233.2   1.064  0.1309  0.7665  0.0601  0.0079  0.0346
  6247.5     233.7   1.064  0.1308  0.7665  0.0600  0.0079  0.0348
  6261.5     234.1   1.064  0.1307  0.7666  0.0599  0.0080  0.0349
  6275.5     234.6   1.065  0.1306  0.7666  0.0598  0.0080  0.0350
  6289.5     235.0   1.065  0.1304  0.7667  0.0597  0.0080  0.0352
  6303.5     235.5   1.065  0.1303  0.7668  0.0596  0.0080  0.0353
  6317.5     235.9   1.065  0.1302  0.7669  0.0595  0.0080  0.0354
  6331.5     236.4   1.065  0.1300  0.7670  0.0594  0.0080  0.0355
  6345.5     236.8   1.065  0.1298  0.7672  0.0593  0.0080  0.0356
  6359.5     237.3   1.065  0.1297  0.7673  0.0592  0.0081  0.0358
  6373.5     237.7   1.065  0.1296  0.7674  0.0591  0.0081  0.0359
  6387.5     238.2   1.065  0.1294  0.7675  0.0590  0.0081  0.0360
  6401.5     238.6   1.066  0.1291  0.7680  0.0588  0.0081  0.0361
  6415.5     239.1   1.066  0.1290  0.7681  0.0587  0.0081  0.0362
  6429.5     239.5   1.066  0.1288  0.7681  0.0586  0.0081  0.0363
  6443.5     240.0   1.066  0.1287  0.7683  0.0585  0.0081  0.0364
  6457.5     240.4   1.066  0.1285  0.7684  0.0584  0.0082  0.0366
  6471.5     240.9   1.066  0.1284  0.7685  0.0583  0.0082  0.0367
  6485.5     241.3   1.066  0.1282  0.7687  0.0582  0.0082  0.0368
  6499.5     241.7   1.066  0.1281  0.7688  0.0581  0.0082  0.0369
  6513.5     242.2   1.066  0.1279  0.7689  0.0580  0.0082  0.0370
  6527.5     242.6   1.066  0.1278  0.7690  0.0579  0.0082  0.0372
  6541.5     243.1   1.067  0.1277  0.7691  0.0578  0.0082  0.0373
  6555.5     243.5   1.067  0.1275  0.7692  0.0577  0.0083  0.0374
  6569.5     244.0   1.067  0.1274  0.7692  0.0576  0.0083  0.0375
  6583.5     244.4   1.067  0.1270  0.7698  0.0573  0.0083  0.0376
  6597.5     244.8   1.067  0.1269  0.7699  0.0572  0.0083  0.0377
  6611.5     245.3   1.067  0.1267  0.7700  0.0571  0.0083  0.0378
  6625.5     245.7   1.067  0.1265  0.7702  0.0570  0.0083  0.0379
  6639.5     246.2   1.067  0.1264  0.7703  0.0569  0.0083  0.0381
  6653.5     246.6   1.067  0.1263  0.7704  0.0568  0.0083  0.0382
  6667.5     247.0   1.068  0.1261  0.7705  0.0567  0.0084  0.0383
  6681.5     247.5   1.068  0.1260  0.7706  0.0566  0.0084  0.0384
  6695.5     247.9   1.068  0.1258  0.7707  0.0565  0.0084  0.0385
  6709.5     248.4   1.068  0.1257  0.7708  0.0564  0.0084  0.0387
  6723.5     248.8   1.068  0.1256  0.7709  0.0563  0.0084  0.0388
  6737.5     249.2   1.068  0.1254  0.7711  0.0562  0.0084  0.0389
  6751.5     249.7   1.068  0.1250  0.7716  0.0560  0.0084  0.0390
  6765.5     250.1   1.068  0.1249  0.7717  0.0559  0.0085  0.0391
  6779.5     250.6   1.068  0.1247  0.7719  0.0558  0.0085  0.0392
  6793.5     251.0   1.068  0.1246  0.7719  0.0557  0.0085  0.0393
  6807.5     251.4   1.069  0.1245  0.7720  0.0556  0.0085  0.0395
  6821.5     251.9   1.069  0.1243  0.7721  0.0555  0.0085  0.0396
  6835.5     252.3   1.069  0.1241  0.7723  0.0553  0.0085  0.0397
  6849.5     252.7   1.069  0.1240  0.7724  0.0552  0.0085  0.0398
  6863.5     253.2   1.069  0.1239  0.7725  0.0551  0.0086  0.0399
  6877.5     253.6   1.069  0.1237  0.7726  0.0550  0.0086  0.0401
  6891.5     254.0   1.069  0.1236  0.7727  0.0549  0.0086  0.0402
  6905.5     254.5   1.069  0.1234  0.7728  0.0548  0.0086  0.0403
  6919.5     254.9   1.069  0.1233  0.7730  0.0547  0.0086  0.0404
  6933.5     255.3   1.070  0.1229  0.7735  0.0545  0.0086  0.0405
  6947.5     255.8   1.070  0.1228  0.7736  0.0544  0.0086  0.0406
  6961.5     256.2   1.070  0.1226  0.7737  0.0543  0.0086  0.0407
  6975.5     256.6   1.070  0.1225  0.7738  0.0542  0.0087  0.0408
  6989.5     257.1   1.070  0.1223  0.7739  0.0541  0.0087  0.0410
  7003.5     257.5   1.070  0.1222  0.7741  0.0540  0.0087  0.0411
  7017.5     257.9   1.070  0.1220  0.7742  0.0539  0.0087  0.0412
  7031.5     258.4   1.070  0.1219  0.7743  0.0538  0.0087  0.0413
  7045.5     258.8   1.070  0.1217  0.7744  0.0537  0.0087  0.0414
  7059.5     259.2   1.070  0.1216  0.7745  0.0536  0.0087  0.0416
  7073.5     259.7   1.070  0.1214  0.7747  0.0534  0.0088  0.0417
  7087.5     260.1   1.070  0.1213  0.7748  0.0533  0.0088  0.0418
  7101.5     260.5   1.070  0.1209  0.7754  0.0531  0.0088  0.0418
  7115.5     261.0   1.070  0.1208  0.7754  0.0530  0.0088  0.0420
  7129.5     261.4   1.070  0.1206  0.7756  0.0529  0.0088  0.0421
  7143.5     261.8   1.070  0.1204  0.7757  0.0528  0.0088  0.0422
  7157.5     262.2   1.071  0.1203  0.7758  0.0527  0.0088  0.0423
  7171.5     262.7   1.071  0.1202  0.7759  0.0526  0.0088  0.0425
  7185.5     263.1   1.071  0.1200  0.7761  0.0525  0.0089  0.0426
  7199.5     263.5   1.071  0.1199  0.7762  0.0524  0.0089  0.0427
  7213.5     264.0   1.071  0.1197  0.7763  0.0523  0.0089  0.0428
  7227.5     264.4   1.071  0.1195  0.7765  0.0522  0.0089  0.0429
  7241.5     264.8   1.071  0.1194  0.7766  0.0520  0.0089  0.0431
  7255.5     265.2   1.071  0.1192  0.7767  0.0519  0.0089  0.0432
  7269.5     265.7   1.071  0.1191  0.7768  0.0518  0.0089  0.0433
  7283.5     266.1   1.071  0.1187  0.7773  0.0516  0.0090  0.0434
  7297.5     266.5   1.071  0.1186  0.7774  0.0515  0.0090  0.0435
  7311.5     266.9   1.071  0.1184  0.7776  0.0514  0.0090  0.0436
  7325.5     267.4   1.071  0.1183  0.7777  0.0513  0.0090  0.0437
  7339.5     267.8   1.071  0.1181  0.7778  0.0512  0.0090  0.0438
  7353.5     268.2   1.071  0.1180  0.7779  0.0511  0.0090  0.0440
  7367.5     268.6   1.071  0.1178  0.7781  0.0510  0.0090  0.0441
  7381.5     269.1   1.071  0.1177  0.7782  0.0509  0.0091  0.0442
  7395.5     269.5   1.071  0.1175  0.7783  0.0508  0.0091  0.0443
  7409.5     269.9   1.071  0.1174  0.7785  0.0507  0.0091  0.0444
  7423.5     270.3   1.071  0.1172  0.7786  0.0506  0.0091  0.0446
  7437.5     270.7   1.071  0.1171  0.7787  0.0504  0.0091  0.0447
  7451.5     271.2   1.072  0.1169  0.7789  0.0503  0.0091  0.0448
  7465.5     271.6   1.072  0.1165  0.7794  0.0501  0.0091  0.0448
  7479.5     272.0   1.072  0.1164  0.7795  0.0500  0.0091  0.0450
  7493.5     272.4   1.072  0.1163  0.7796  0.0499  0.0092  0.0451
  7507.5     272.8   1.072  0.1161  0.7797  0.0498  0.0092  0.0452
  7521.5     273.3   1.072  0.1159  0.7799  0.0497  0.0092  0.0453
  7535.5     273.7   1.072  0.1158  0.7800  0.0496  0.0092  0.0454
  7549.5     274.1   1.072  0.1156  0.7801  0.0495  0.0092  0.0456
  7563.5     274.5   1.072  0.1155  0.7802  0.0494  0.0092  0.0457
  7577.5     274.9   1.072  0.1153  0.7804  0.0493  0.0092  0.0458
  7591.5     275.4   1.072  0.1151  0.7806  0.0491  0.0093  0.0459
  7605.5     275.8   1.072  0.1150  0.7806  0.0490  0.0093  0.0461
  7619.5     276.2   1.072  0.1149  0.7807  0.0489  0.0093  0.0462
  7633.5     276.6   1.072  0.1146  0.7810  0.0488  0.0093  0.0463
  7647.5     277.0   1.072  0.1143  0.7814  0.0486  0.0093  0.0463
  7661.5     277.4   1.072  0.1142  0.7815  0.0485  0.0093  0.0465
  7675.5     277.9   1.072  0.1140  0.7817  0.0484  0.0093  0.0466
  7689.5     278.3   1.072  0.1139  0.7818  0.0483  0.0093  0.0467
  7703.5     278.7   1.072  0.1137  0.7819  0.0482  0.0094  0.0468
  7717.5     279.1   1.072  0.1136  0.7820  0.0481  0.0094  0.0469
  7731.5     279.5   1.072  0.1134  0.7822  0.0480  0.0094  0.0471
  7745.5     279.9   1.072  0.1132  0.7824  0.0478  0.0094  0.0472
  7759.5     280.4   1.073  0.1131  0.7825  0.0477  0.0094  0.0473
  7773.5     280.8   1.073  0.1129  0.7826  0.0476  0.0094  0.0474
  7787.5     281.2   1.073  0.1128  0.7828  0.0475  0.0094  0.0475
  7801.5     281.6   1.073  0.1126  0.7829  0.0474  0.0095  0.0477
  7815.5     282.0   1.073  0.1124  0.7830  0.0473  0.0095  0.0478
  7829.5     282.4   1.073  0.1121  0.7835  0.0471  0.0095  0.0478
  7843.5     282.8   1.073  0.1120  0.7836  0.0470  0.0095  0.0479
  7857.5     283.2   1.073  0.1118  0.7838  0.0469  0.0095  0.0481
  7871.5     283.7   1.073  0.1116  0.7840  0.0468  0.0095  0.0482
  7885.5     284.1   1.073  0.1114  0.7841  0.0467  0.0095  0.0483
  7899.5     284.5   1.073  0.1113  0.7842  0.0465  0.0095  0.0484
  7913.5     284.9   1.073  0.1111  0.7843  0.0464  0.0096  0.0485
  7927.5     285.3   1.073  0.1110  0.7845  0.0463  0.0096  0.0487
  7941.5     285.7   1.073  0.1108  0.7846  0.0462  0.0096  0.0488
  7955.5     286.1   1.073  0.1107  0.7848  0.0461  0.0096  0.0489
  7969.5     286.5   1.073  0.1105  0.7849  0.0460  0.0096  0.0490
  7983.5     286.9   1.073  0.1103  0.7850  0.0459  0.0096  0.0491
  7997.5     287.3   1.073  0.1102  0.7851  0.0458  0.0096  0.0493
  8011.5     287.8   1.073  0.1100  0.7854  0.0456  0.0096  0.0494
  8025.5     288.2   1.073  0.1097  0.7858  0.0455  0.0097  0.0494
  8039.5     288.6   1.073  0.1096  0.7859  0.0454  0.0097  0.0495
  8053.5     289.0   1.074  0.1094  0.7861  0.0452  0.0097  0.0497
  8067.5     289.4   1.074  0.1092  0.7862  0.0451  0.0097  0.0498
  8081.5     289.8   1.074  0.1090  0.7864  0.0450  0.0097  0.0499
  8095.5     290.2   1.074  0.1089  0.7865  0.0449  0.0097  0.0500
  8109.5     290.6   1.074  0.1087  0.7866  0.0448  0.0097  0.0501
  8123.5     291.0   1.074  0.1086  0.7868  0.0447  0.0098  0.0502
  8137.5     291.4   1.074  0.1084  0.7870  0.0446  0.0098  0.0504
  8151.5     291.8   1.074  0.1082  0.7871  0.0444  0.0098  0.0505
  8165.5     292.2   1.074  0.1080  0.7873  0.0443  0.0098  0.0506
  8179.5     292.6   1.074  0.1079  0.7874  0.0442  0.0098  0.0507
  8193.5     293.0   1.074  0.1077  0.7875  0.0441  0.0098  0.0508
  8207.5     293.4   1.074  0.1074  0.7880  0.0439  0.0098  0.0509
  8221.5     293.8   1.074  0.1072  0.7882  0.0438  0.0098  0.0510
  8235.5     294.2   1.074  0.1071  0.7883  0.0437  0.0098  0.0511
  8249.5     294.6   1.074  0.1069  0.7884  0.0436  0.0099  0.0512
  8263.5     295.0   1.074  0.1067  0.7886  0.0435  0.0099  0.0513
  8277.5     295.5   1.074  0.1066  0.7887  0.0434  0.0099  0.0515
  8291.5     295.9   1.074  0.1064  0.7889  0.0432  0.0099  0.0516
  8305.5     296.3   1.074  0.1062  0.7890  0.0431  0.0099  0.0517
  8319.5     296.7   1.074  0.1060  0.7892  0.0430  0.0099  0.0518
  8333.5     297.1   1.074  0.1059  0.7894  0.0429  0.0099  0.0519
  8347.5     297.5   1.074  0.1057  0.7895  0.0428  0.0100  0.0520
  8361.5     297.9   1.075  0.1055  0.7897  0.0427  0.0100  0.0522
  8375.5     298.3   1.075  0.1054  0.7899  0.0425  0.0100  0.0523
  8389.5     298.7   1.075  0.1052  0.7900  0.0424  0.0100  0.0524
  8403.5     299.1   1.075  0.1049  0.7904  0.0423  0.0100  0.0524
  8417.5     299.5   1.075  0.1048  0.7905  0.0421  0.0100  0.0526
  8431.5     299.9   1.075  0.1046  0.7907  0.0420  0.0100  0.0527
  8445.5     300.3   1.075  0.1044  0.7909  0.0419  0.0100  0.0528
  8459.5     300.6   1.075  0.1042  0.7910  0.0418  0.0100  0.0529
  8473.5     301.0   1.075  0.1041  0.7912  0.0417  0.0101  0.0530
  8487.5     301.4   1.075  0.1039  0.7913  0.0416  0.0101  0.0531
  8501.5     301.8   1.075  0.1037  0.7915  0.0414  0.0101  0.0532
  8515.5     302.2   1.075  0.1036  0.7917  0.0413  0.0101  0.0534
  8529.5     302.6   1.075  0.1034  0.7918  0.0412  0.0101  0.0535
  8543.5     303.0   1.075  0.1032  0.7920  0.0411  0.0101  0.0536
  8557.5     303.4   1.075  0.1030  0.7921  0.0410  0.0101  0.0537
  8571.5     303.8   1.075  0.1029  0.7923  0.0409  0.0102  0.0538
  8585.5     304.2   1.075  0.1027  0.7924  0.0407  0.0102  0.0539
  8599.5     304.6   1.075  0.1024  0.7929  0.0406  0.0102  0.0540
  8613.5     305.0   1.075  0.1022  0.7930  0.0405  0.0102  0.0541
  8627.5     305.4   1.075  0.1021  0.7932  0.0403  0.0102  0.0542
  8641.5     305.8   1.075  0.1019  0.7933  0.0402  0.0102  0.0543
  8655.5     306.2   1.076  0.1017  0.7935  0.0401  0.0102  0.0544
  8669.5     306.6   1.076  0.1015  0.7937  0.0400  0.0102  0.0545
  8683.5     307.0   1.076  0.1014  0.7938  0.0399  0.0102  0.0547
  8697.5     307.4   1.076  0.1012  0.7940  0.0398  0.0103  0.0548
  8711.5     307.8   1.076  0.1010  0.7942  0.0396  0.0103  0.0549
  8725.5     308.1   1.076  0.1009  0.7943  0.0395  0.0103  0.0550
  8739.5     308.5   1.076  0.1007  0.7945  0.0394  0.0103  0.0551
  8753.5     308.9   1.076  0.1005  0.7946  0.0393  0.0103  0.0552
  8767.5     309.3   1.076  0.1003  0.7948  0.0392  0.0103  0.0553
  8781.5     309.7   1.076  0.1001  0.7950  0.0390  0.0103  0.0554
  8795.5     310.1   1.076  0.0999  0.7953  0.0389  0.0103  0.0555
  8809.5     310.5   1.076  0.0997  0.7956  0.0388  0.0104  0.0556
  8823.5     310.9   1.076  0.0995  0.7957  0.0387  0.0104  0.0557
  8837.5     311.3   1.076  0.0994  0.7958  0.0385  0.0104  0.0559
  8851.5     311.7   1.076  0.0992  0.7961  0.0384  0.0104  0.0560
  8865.5     312.0   1.076  0.0990  0.7962  0.0383  0.0104  0.0561
  8879.5     312.4   1.076  0.0988  0.7964  0.0382  0.0104  0.0562
  8893.5     312.8   1.076  0.0986  0.7966  0.0381  0.0104  0.0563
  8907.5     313.2   1.076  0.0985  0.7967  0.0379  0.0104  0.0564
  8921.5     313.6   1.076  0.0983  0.7969  0.0378  0.0105  0.0565
  8935.5     314.0   1.076  0.0981  0.7970  0.0377  0.0105  0.0566
  8949.5     314.4   1.076  0.0980  0.7972  0.0376  0.0105  0.0567
  8963.5     314.7   1.077  0.0978  0.7974  0.0375  0.0105  0.0569
  8977.5     315.1   1.077  0.0976  0.7975  0.0374  0.0105  0.0570
  8991.5     315.5   1.077  0.0973  0.7980  0.0372  0.0105  0.0570
  9005.5     315.9   1.077  0.0972  0.7981  0.0371  0.0105  0.0571
  9019.5     316.3   1.077  0.0970  0.7983  0.0370  0.0105  0.0572
  9033.5     316.7   1.077  0.0968  0.7985  0.0368  0.0105  0.0574
  9047.5     317.1   1.077  0.0966  0.7987  0.0367  0.0106  0.0575
  9061.5     317.4   1.077  0.0965  0.7987  0.0366  0.0106  0.0576
  9075.5     317.8   1.077  0.0964  0.7987  0.0365  0.0106  0.0578
  9089.5     318.2   1.077  0.0962  0.7989  0.0364  0.0106  0.0579
  9103.5     318.6   1.077  0.0961  0.7990  0.0363  0.0106  0.0580
  9117.5     319.0   1.077  0.0959  0.7992  0.0362  0.0106  0.0581
  9131.5     319.4   1.077  0.0957  0.7994  0.0361  0.0106  0.0582
  9145.5     319.7   1.077  0.0955  0.7995  0.0359  0.0107  0.0583
  9159.5     320.1   1.077  0.0954  0.7997  0.0358  0.0107  0.0584
  9173.5     320.5   1.077  0.0952  0.7999  0.0357  0.0107  0.0586
  9187.5     320.9   1.077  0.0949  0.8002  0.0356  0.0107  0.0586
  9201.5     321.3   1.077  0.0947  0.8004  0.0354  0.0107  0.0587
  9215.5     321.6   1.077  0.0946  0.8006  0.0353  0.0107  0.0588
  9229.5     322.0   1.077  0.0944  0.8008  0.0352  0.0107  0.0589
  9243.5     322.4   1.077  0.0942  0.8010  0.0351  0.0107  0.0590
  9257.5     322.8   1.078  0.0940  0.8011  0.0350  0.0108  0.0592
  9271.5     323.2   1.078  0.0938  0.8013  0.0348  0.0108  0.0593
  9285.5     323.5   1.078  0.0937  0.8014  0.0347  0.0108  0.0594
  9299.5     323.9   1.078  0.0935  0.8016  0.0346  0.0108  0.0595
  9313.5     324.3   1.078  0.0933  0.8017  0.0345  0.0108  0.0596
  9327.5     324.7   1.078  0.0932  0.8019  0.0344  0.0108  0.0597
  9341.5     325.0   1.078  0.0930  0.8020  0.0343  0.0108  0.0599
  9355.5     325.4   1.078  0.0928  0.8022  0.0342  0.0108  0.0600
  9369.5     325.8   1.078  0.0927  0.8024  0.0340  0.0109  0.0601
  9383.5     326.2   1.078  0.0925  0.8026  0.0339  0.0109  0.0602
  9397.5     326.5   1.078  0.0922  0.8029  0.0338  0.0109  0.0602
  9411.5     326.9   1.078  0.0920  0.8031  0.0336  0.0109  0.0603
  9425.5     327.3   1.078  0.0918  0.8033  0.0335  0.0109  0.0605
  9439.5     327.7   1.078  0.0917  0.8035  0.0334  0.0109  0.0606
  9453.5     328.0   1.078  0.0915  0.8037  0.0333  0.0109  0.0607
  9467.5     328.4   1.078  0.0913  0.8038  0.0332  0.0109  0.0608
  9481.5     328.8   1.078  0.0911  0.8040  0.0330  0.0109  0.0609
  9495.5     329.2   1.078  0.0910  0.8041  0.0329  0.0110  0.0610
  9509.5     329.5   1.078  0.0908  0.8043  0.0328  0.0110  0.0611
  9523.5     329.9   1.078  0.0906  0.8044  0.0327  0.0110  0.0612
  9537.5     330.3   1.078  0.0905  0.8046  0.0326  0.0110  0.0614
  9551.5     330.7   1.079  0.0903  0.8047  0.0325  0.0110  0.0615
  9565.5     331.0   1.079  0.0902  0.8048  0.0324  0.0110  0.0616
  9579.5     331.4   1.079  0.0900  0.8050  0.0322  0.0110  0.0617
  9593.5     331.8   1.079  0.0897  0.8054  0.0321  0.0110  0.0618
  9607.5     332.1   1.079  0.0895  0.8056  0.0320  0.0111  0.0619
  9621.5     332.5   1.079  0.0893  0.8058  0.0318  0.0111  0.0620
  9635.5     332.9   1.079  0.0891  0.8060  0.0317  0.0111  0.0621
  9649.5     333.2   1.079  0.0890  0.8062  0.0316  0.0111  0.0622
  9663.5     333.6   1.079  0.0888  0.8063  0.0315  0.0111  0.0623
  9677.5     334.0   1.079  0.0886  0.8065  0.0314  0.0111  0.0624
  9691.5     334.4   1.079  0.0884  0.8067  0.0313  0.0111  0.0625
  9705.5     334.7   1.079  0.0883  0.8068  0.0311  0.0111  0.0626
  9719.5     335.1   1.079  0.0881  0.8070  0.0310  0.0112  0.0627
  9733.5     335.5   1.079  0.0879  0.8071  0.0309  0.0112  0.0629
  9747.5     335.8   1.079  0.0878  0.8073  0.0308  0.0112  0.0630
  9761.5     336.2   1.079  0.0876  0.8074  0.0307  0.0112  0.0631
  9775.5     336.6   1.079  0.0875  0.8075  0.0306  0.0112  0.0632
  9789.5     336.9   1.079  0.0874  0.8076  0.0305  0.0112  0.0634
  9803.5     337.3   1.079  0.0871  0.8079  0.0303  0.0112  0.0634
  9817.5     337.7   1.079  0.0869  0.8081  0.0302  0.0112  0.0635
  9831.5     338.0   1.079  0.0867  0.8083  0.0301  0.0113  0.0637
  9845.5     338.4   1.079  0.0865  0.8085  0.0299  0.0113  0.0637
  9859.5     338.8   1.080  0.0863  0.8088  0.0298  0.0113  0.0638
  9873.5     339.1   1.080  0.0861  0.8090  0.0297  0.0113  0.0639
  9887.5     339.5   1.080  0.0860  0.8091  0.0296  0.0113  0.0641
  9901.5     339.8   1.080  0.0859  0.8091  0.0295  0.0113  0.0642
  9915.5     340.2   1.080  0.0859  0.8090  0.0296  0.0113  0.0642
  9929.5     340.5   1.080  0.0858  0.8091  0.0296  0.0113  0.0642
  9943.5     340.9   1.080  0.0857  0.8092  0.0296  0.0113  0.0641
  9957.5     341.2   1.080  0.0856  0.8095  0.0297  0.0113  0.0640
  9971.5     341.6   1.080  0.0854  0.8096  0.0297  0.0113  0.0639
  9985.5     341.9   1.080  0.0854  0.8098  0.0297  0.0113  0.0639
  9999.5     342.2   1.080  0.0852  0.8099  0.0297  0.0113  0.0638
 10013.5     342.6   1.080  0.0852  0.8101  0.0298  0.0113  0.0637
 10027.5     342.9   1.080  0.0851  0.8101  0.0298  0.0113  0.0637
 10041.5     343.3   1.080  0.0851  0.8101  0.0299  0.0113  0.0637
 10055.5     343.6   1.080  0.0850  0.8102  0.0299  0.0113  0.0636
 10069.5     343.9   1.080  0.0849  0.8103  0.0299  0.0113  0.0636
 10083.5     344.3   1.080  0.0848  0.8104  0.0300  0.0113  0.0635
 10097.5     344.6   1.080  0.0847  0.8105  0.0300  0.0113  0.0635
 10111.5     345.0   1.080  0.0847  0.8106  0.0300  0.0113  0.0634
 10125.5     345.3   1.080  0.0846  0.8107  0.0301  0.0113  0.0634
 10139.5     345.6   1.080  0.0845  0.8108  0.0301  0.0113  0.0633
 10153.5     346.0   1.080  0.0844  0.8109  0.0301  0.0113  0.0633
 10167.5     346.3   1.080  0.0843  0.8110  0.0302  0.0113  0.0632
 10181.5     346.7   1.080  0.0842  0.8112  0.0302  0.0113  0.0631
 10195.5     347.0   1.080  0.0841  0.8113  0.0302  0.0113  0.0630
 10209.5     347.3   1.080  0.0840  0.8115  0.0302  0.0113  0.0630
 10223.5     347.7   1.080  0.0839  0.8115  0.0303  0.0113  0.0629
 10237.5     348.0   1.080  0.0838  0.8117  0.0303  0.0113  0.0629
 10251.5     348.3   1.081  0.0837  0.8119  0.0303  0.0113  0.0628
 10265.5     348.7   1.081  0.0836  0.8120  0.0303  0.0113  0.0627
 10279.5     349.0   1.081  0.0836  0.8120  0.0304  0.0113  0.0627
 10293.5     349.3   1.081  0.0835  0.8122  0.0304  0.0113  0.0626
 10307.5     349.7   1.081  0.0835  0.8122  0.0305  0.0113  0.0626
 10321.5     350.0   1.081  0.0834  0.8123  0.0305  0.0113  0.0626
 10335.5     350.3   1.081  0.0833  0.8124  0.0305  0.0113  0.0625
 10349.5     350.7   1.081  0.0832  0.8125  0.0306  0.0113  0.0624
 10363.5     351.0   1.081  0.0831  0.8126  0.0306  0.0113  0.0624
 10377.5     351.3   1.081  0.0830  0.8127  0.0306  0.0113  0.0623
 10391.5     351.7   1.081  0.0829  0.8128  0.0307  0.0113  0.0623
 10405.5     352.0   1.081  0.0828  0.8130  0.0307  0.0113  0.0622
 10419.5     352.3   1.081  0.0827  0.8131  0.0307  0.0113  0.0621
 10433.5     352.7   1.081  0.0826  0.8132  0.0307  0.0113  0.0621
 10447.5     353.0   1.081  0.0826  0.8133  0.0308  0.0113  0.0620
 10461.5     353.3   1.081  0.0825  0.8134  0.0308  0.0113  0.0620
 10475.5     353.6   1.081  0.0824  0.8135  0.0309  0.0113  0.0619
 10489.5     354.0   1.081  0.0823  0.8137  0.0309  0.0113  0.0619
 10503.5     354.3   1.081  0.0822  0.8138  0.0309  0.0113  0.0618
 10517.5     354.6   1.081  0.0821  0.8139  0.0309  0.0113  0.0618
 10531.5     354.9   1.081  0.0821  0.8140  0.0310  0.0113  0.0617
 10545.5     355.3   1.081  0.0820  0.8141  0.0310  0.0113  0.0616
 10559.5     355.6   1.081  0.0819  0.8141  0.0311  0.0113  0.0616
 10573.5     355.9   1.081  0.0818  0.8142  0.0311  0.0113  0.0616
 10587.5     356.3   1.081  0.0818  0.8143  0.0311  0.0113  0.0615
 10601.5     356.6   1.081  0.0817  0.8145  0.0311  0.0113  0.0614
 10615.5     356.9   1.081  0.0816  0.8145  0.0312  0.0113  0.0614
 10629.5     357.2   1.081  0.0815  0.8147  0.0312  0.0113  0.0613
 10643.5     357.6   1.081  0.0814  0.8148  0.0312  0.0113  0.0613
 10657.5     357.9   1.081  0.0813  0.8149  0.0313  0.0113  0.0612
 10671.5     358.2   1.081  0.0812  0.8150  0.0313  0.0113  0.0612
 10685.5     358.5   1.081  0.0812  0.8151  0.0313  0.0113  0.0611
 10699.5     358.8   1.081  0.0811  0.8152  0.0314  0.0113  0.0611
 10713.5     359.2   1.081  0.0809  0.8155  0.0314  0.0113  0.0610
 10727.5     359.5   1.081  0.0808  0.8156  0.0314  0.0113  0.0609
 10741.5     359.8   1.081  0.0808  0.8157  0.0315  0.0113  0.0609
 10755.5     360.1   1.082  0.0807  0.8157  0.0315  0.0113  0.0608
 10769.5     360.5   1.082  0.0806  0.8158  0.0315  0.0113  0.0608
 10783.5     360.8   1.082  0.0805  0.8160  0.0316  0.0113  0.0607
 10797.5     361.1   1.082  0.0804  0.8161  0.0316  0.0113  0.0606
 10811.5     361.4   1.082  0.0804  0.8161  0.0316  0.0113  0.0606
 10825.5     361.7   1.082  0.0803  0.8162  0.0317  0.0113  0.0606
 10839.5     362.1   1.082  0.0802  0.8163  0.0317  0.0113  0.0605
 10853.5     362.4   1.082  0.0801  0.8165  0.0317  0.0113  0.0604
 10867.5     362.7   1.082  0.0800  0.8166  0.0318  0.0113  0.0604
 10881.5     363.0   1.082  0.0799  0.8167  0.0318  0.0113  0.0603
 10895.5     363.3   1.082  0.0799  0.8168  0.0318  0.0113  0.0603
 10909.5     363.6   1.082  0.0798  0.8169  0.0319  0.0113  0.0602
 10923.5     364.0   1.082  0.0797  0.8170  0.0319  0.0113  0.0602
 10937.5     364.3   1.082  0.0796  0.8171  0.0319  0.0113  0.0601
 10951.5     364.6   1.082  0.0795  0.8172  0.0320  0.0113  0.0601
 10965.5     364.9   1.082  0.0794  0.8175  0.0320  0.0113  0.0599
 10979.5     365.2   1.082  0.0793  0.8175  0.0320  0.0113  0.0599
 10993.5     365.5   1.082  0.0792  0.8176  0.0320  0.0113  0.0599
 11007.5     365.8   1.082  0.0792  0.8177  0.0321  0.0113  0.0598
 11021.5     366.2   1.082  0.0791  0.8178  0.0321  0.0113  0.0598
 11035.5     366.5   1.082  0.0790  0.8179  0.0321  0.0113  0.0597
 11049.5     366.8   1.082  0.0789  0.8180  0.0322  0.0113  0.0597
 11063.5     367.1   1.082  0.0788  0.8181  0.0322  0.0113  0.0596
 11077.5     367.4   1.082  0.0788  0.8182  0.0322  0.0113  0.0595
 11091.5     367.7   1.082  0.0787  0.8183  0.0323  0.0113  0.0595
 11105.5     368.0   1.082  0.0786  0.8184  0.0323  0.0113  0.0594
 11119.5     368.3   1.082  0.0785  0.8185  0.0323  0.0113  0.0594
 11133.5     368.7   1.082  0.0784  0.8186  0.0324  0.0113  0.0593
 11147.5     369.0   1.082  0.0783  0.8187  0.0324  0.0112  0.0593
 11161.5     369.3   1.082  0.0783  0.8188  0.0324  0.0113  0.0592
 11175.5     369.6   1.082  0.0782  0.8189  0.0325  0.0113  0.0592
 11189.5     369.9   1.082  0.0781  0.8190  0.0325  0.0113  0.0591
 11203.5     370.2   1.082  0.0780  0.8193  0.0325  0.0112  0.0590
 11217.5     370.5   1.082  0.0779  0.8193  0.0326  0.0112  0.0590
 11231.5     370.8   1.082  0.0778  0.8194  0.0326  0.0112  0.0589
 11245.5     371.1   1.082  0.0777  0.8196  0.0326  0.0112  0.0589
 11259.5     371.4   1.083  0.0776  0.8197  0.0327  0.0112  0.0588
 11273.5     371.7   1.083  0.0776  0.8197  0.0327  0.0112  0.0588
 11287.5     372.0   1.083  0.0775  0.8198  0.0327  0.0112  0.0587
 11301.5     372.4   1.083  0.0774  0.8199  0.0328  0.0112  0.0587
 11315.5     372.7   1.083  0.0773  0.8200  0.0328  0.0112  0.0586
 11329.5     373.0   1.083  0.0772  0.8201  0.0328  0.0112  0.0586
 11343.5     373.3   1.083  0.0772  0.8202  0.0329  0.0112  0.0585
 11357.5     373.6   1.083  0.0771  0.8203  0.0329  0.0112  0.0584
 11371.5     373.9   1.083  0.0770  0.8205  0.0329  0.0112  0.0584
 11385.5     374.2   1.083  0.0769  0.8205  0.0330  0.0112  0.0583
 11399.5     374.5   1.083  0.0768  0.8207  0.0330  0.0112  0.0583
 11413.5     374.8   1.083  0.0767  0.8208  0.0330  0.0112  0.0582
 11427.5     375.1   1.083  0.0767  0.8209  0.0331  0.0112  0.0582
 11441.5     375.4   1.083  0.0766  0.8209  0.0331  0.0112  0.0581
 11455.5     375.7   1.083  0.0764  0.8212  0.0331  0.0112  0.0580
 11469.5     376.0   1.083  0.0764  0.8213  0.0331  0.0112  0.0580
 11483.5     376.3   1.083  0.0763  0.8214  0.0332  0.0112  0.0579
 11497.5     376.6   1.083  0.0762  0.8215  0.0332  0.0112  0.0579
 11511.5     376.9   1.083  0.0761  0.8216  0.0332  0.0112  0.0578
 11525.5     377.2   1.083  0.0760  0.8217  0.0333  0.0112  0.0578
 11539.5     377.5   1.083  0.0760  0.8217  0.0333  0.0112  0.0577
 11553.5     377.8   1.083  0.0759  0.8219  0.0333  0.0112  0.0577
 11567.5     378.1   1.083  0.0758  0.8220  0.0334  0.0112  0.0576
 11581.5     378.4   1.083  0.0757  0.8221  0.0334  0.0112  0.0576
 11595.5     378.7   1.083  0.0756  0.8222  0.0334  0.0112  0.0575
 11609.5     379.0   1.083  0.0755  0.8223  0.0335  0.0112  0.0574
 11623.5     379.3   1.083  0.0755  0.8224  0.0335  0.0112  0.0574
 11637.5     379.6   1.083  0.0754  0.8225  0.0335  0.0112  0.0573
 11651.5     379.9   1.083  0.0753  0.8226  0.0336  0.0112  0.0573
 11665.5     380.2   1.083  0.0752  0.8227  0.0336  0.0112  0.0572
 11679.5     380.5   1.083  0.0751  0.8228  0.0337  0.0112  0.0572
 11693.5     380.8   1.083  0.0751  0.8229  0.0337  0.0112  0.0571
 11707.5     381.1   1.083  0.0750  0.8230  0.0337  0.0112  0.0571
 11721.5     381.4   1.083  0.0748  0.8232  0.0337  0.0112  0.0570
 11735.5     381.6   1.083  0.0748  0.8234  0.0338  0.0112  0.0569
 11749.5     381.9   1.083  0.0747  0.8234  0.0338  0.0112  0.0569
 11763.5     382.2   1.084  0.0746  0.8235  0.0338  0.0112  0.0568
 11777.5     382.5   1.084  0.0745  0.8236  0.0339  0.0112  0.0568
 11791.5     382.8   1.084  0.0744  0.8237  0.0339  0.0112  0.0567
 11805.5     383.1   1.084  0.0744  0.8238  0.0339  0.0112  0.0567
 11819.5     383.4   1.084  0.0743  0.8240  0.0340  0.0112  0.0566
 11833.5     383.7   1.084  0.0742  0.8241  0.0340  0.0112  0.0566
 11847.5     384.0   1.084  0.0741  0.8242  0.0340  0.0112  0.0565
 11861.5     384.3   1.084  0.0740  0.8242  0.0341  0.0112  0.0565
 11875.5     384.6   1.084  0.0739  0.8243  0.0341  0.0112  0.0564
 11889.5     384.9   1.084  0.0739  0.8245  0.0341  0.0112  0.0563
 11903.5     385.1   1.084  0.0738  0.8246  0.0342  0.0112  0.0563
 11917.5     385.4   1.084  0.0737  0.8247  0.0342  0.0112  0.0562
 11931.5     385.7   1.084  0.0736  0.8248  0.0342  0.0112  0.0562
 11945.5     386.0   1.084  0.0735  0.8249  0.0343  0.0112  0.0561
 11959.5     386.3   1.084  0.0734  0.8250  0.0343  0.0112  0.0561
 11973.5     386.6   1.084  0.0733  0.8252  0.0343  0.0112  0.0560
 11987.5     386.9   1.084  0.0732  0.8253  0.0343  0.0112  0.0559
 12001.5     387.2   1.084  0.0732  0.8254  0.0344  0.0112  0.0559
 12015.5     387.4   1.084  0.0731  0.8255  0.0344  0.0112  0.0558
 12029.5     387.7   1.084  0.0730  0.8256  0.0344  0.0112  0.0558
 12043.5     388.0   1.084  0.0729  0.8257  0.0345  0.0112  0.0557
 12057.5     388.3   1.084  0.0728  0.8258  0.0345  0.0112  0.0557
 12071.5     388.6   1.084  0.0727  0.8259  0.0345  0.0112  0.0556
 12085.5     388.9   1.084  0.0727  0.8260  0.0346  0.0112  0.0556
 12099.5     389.2   1.084  0.0726  0.8261  0.0346  0.0112  0.0555
 12113.5     389.4   1.084  0.0725  0.8262  0.0347  0.0112  0.0555
 12127.5     389.7   1.084  0.0724  0.8263  0.0347  0.0112  0.0554
 12141.5     390.0   1.084  0.0723  0.8264  0.0347  0.0112  0.0554
 12155.5     390.3   1.084  0.0722  0.8265  0.0347  0.0112  0.0553
 12169.5     390.6   1.084  0.0722  0.8266  0.0348  0.0112  0.0552
 12183.5     390.9   1.084  0.0721  0.8267  0.0348  0.0112  0.0552
 12197.5     391.1   1.084  0.0720  0.8268  0.0349  0.0112  0.0552
 12211.5     391.4   1.084  0.0719  0.8269  0.0349  0.0112  0.0551
 12225.5     391.7   1.084  0.0718  0.8270  0.0349  0.0112  0.0550
 12239.5     392.0   1.084  0.0718  0.8271  0.0349  0.0112  0.0550
 12253.5     392.3   1.085  0.0716  0.8273  0.0350  0.0112  0.0549
 12267.5     392.5   1.085  0.0716  0.8274  0.0350  0.0112  0.0548
 12281.5     392.8   1.085  0.0714  0.8276  0.0350  0.0112  0.0548
 12295.5     393.1   1.085  0.0714  0.8277  0.0351  0.0112  0.0547
 12309.5     393.4   1.085  0.0713  0.8277  0.0351  0.0112  0.0547
 12323.5     393.7   1.085  0.0712  0.8278  0.0351  0.0112  0.0546
 12337.5     393.9   1.085  0.0711  0.8280  0.0352  0.0112  0.0546
 12351.5     394.2   1.085  0.0711  0.8281  0.0352  0.0112  0.0545
 12365.5     394.5   1.085  0.0710  0.8282  0.0352  0.0112  0.0544
 12379.5     394.8   1.085  0.0709  0.8283  0.0353  0.0112  0.0544
 12393.5     395.0   1.085  0.0708  0.8284  0.0353  0.0112  0.0544
 12407.5     395.3   1.085  0.0707  0.8285  0.0353  0.0112  0.0543
 12421.5     395.6   1.085  0.0707  0.8286  0.0354  0.0112  0.0542
 12435.5     395.9   1.085  0.0706  0.8287  0.0354  0.0112  0.0542
 12449.5     396.1   1.085  0.0705  0.8288  0.0354  0.0112  0.0541
 12463.5     396.4   1.085  0.0704  0.8289  0.0355  0.0112  0.0541
 12477.5     396.7   1.085  0.0703  0.8290  0.0355  0.0112  0.0540
 12491.5     397.0   1.085  0.0702  0.8291  0.0355  0.0112  0.0540
 12505.5     397.2   1.085  0.0702  0.8292  0.0356  0.0112  0.0539
 12519.5     397.5   1.085  0.0701  0.8293  0.0356  0.0112  0.0539
 12533.5     397.8   1.085  0.0699  0.8295  0.0356  0.0112  0.0538
 12547.5     398.0   1.085  0.0699  0.8296  0.0356  0.0112  0.0537
 12561.5     398.3   1.085  0.0698  0.8297  0.0357  0.0112  0.0537
 12575.5     398.6   1.085  0.0697  0.8298  0.0357  0.0112  0.0536
 12589.5     398.9   1.085  0.0696  0.8299  0.0357  0.0112  0.0536
 12603.5     399.1   1.085  0.0695  0.8300  0.0358  0.0112  0.0535
 12617.5     399.4   1.085  0.0694  0.8301  0.0358  0.0112  0.0535
 12631.5     399.7   1.085  0.0694  0.8302  0.0358  0.0112  0.0534
 12645.5     399.9   1.085  0.0693  0.8303  0.0359  0.0112  0.0534
 12659.5     400.2   1.085  0.0692  0.8304  0.0359  0.0112  0.0533
 12673.5     400.5   1.085  0.0691  0.8305  0.0359  0.0112  0.0533
 12687.5     400.7   1.085  0.0690  0.8306  0.0360  0.0112  0.0532
 12701.5     401.0   1.085  0.0690  0.8307  0.0360  0.0112  0.0532
 12715.5     401.3   1.085  0.0689  0.8308  0.0360  0.0112  0.0531
 12729.5     401.5   1.085  0.0688  0.8309  0.0361  0.0112  0.0530
 12743.5     401.8   1.085  0.0687  0.8310  0.0361  0.0112  0.0530
 12757.5     402.1   1.086  0.0686  0.8311  0.0361  0.0112  0.0529
 12771.5     402.3   1.086  0.0685  0.8312  0.0362  0.0112  0.0529
 12785.5     402.6   1.086  0.0685  0.8313  0.0362  0.0112  0.0528
 12799.5     402.9   1.086  0.0684  0.8314  0.0362  0.0112  0.0528
 12813.5     403.1   1.086  0.0682  0.8317  0.0363  0.0111  0.0527
 12827.5     403.4   1.086  0.0682  0.8318  0.0363  0.0111  0.0526
 12841.5     403.7   1.086  0.0681  0.8319  0.0363  0.0111  0.0526
 12855.5     403.9   1.086  0.0680  0.8320  0.0364  0.0111  0.0525
 12869.5     404.2   1.086  0.0679  0.8321  0.0364  0.0111  0.0525
 12883.5     404.5   1.086  0.0679  0.8322  0.0364  0.0111  0.0524
 12897.5     404.7   1.086  0.0677  0.8323  0.0365  0.0111  0.0523
 12911.5     405.0   1.086  0.0677  0.8324  0.0365  0.0111  0.0523
 12925.5     405.2   1.086  0.0676  0.8325  0.0365  0.0111  0.0523
 12939.5     405.5   1.086  0.0675  0.8326  0.0366  0.0111  0.0522
 12953.5     405.8   1.086  0.0674  0.8327  0.0366  0.0111  0.0521
 12967.5     406.0   1.086  0.0674  0.8328  0.0366  0.0111  0.0521
 12981.5     406.3   1.086  0.0673  0.8329  0.0367  0.0111  0.0520
 12995.5     406.5   1.086  0.0672  0.8330  0.0367  0.0111  0.0520
 13009.5     406.8   1.086  0.0671  0.8331  0.0367  0.0111  0.0519
 13023.5     407.1   1.086  0.0670  0.8332  0.0368  0.0111  0.0519
 13037.5     407.3   1.086  0.0669  0.8333  0.0368  0.0111  0.0518
 13051.5     407.6   1.086  0.0669  0.8334  0.0368  0.0111  0.0518
 13065.5     407.8   1.086  0.0668  0.8335  0.0369  0.0111  0.0517
 13079.5     408.1   1.086  0.0667  0.8336  0.0369  0.0111  0.0517
 13093.5     408.3   1.086  0.0666  0.8337  0.0369  0.0111  0.0516
 13107.5     408.6   1.086  0.0665  0.8339  0.0369  0.0111  0.0515
 13121.5     408.9   1.086  0.0664  0.8340  0.0370  0.0111  0.0515
 13135.5     409.1   1.086  0.0663  0.8341  0.0370  0.0111  0.0514
 13149.5     409.4   1.086  0.0662  0.8342  0.0370  0.0111  0.0514
 13163.5     409.6   1.086  0.0662  0.8343  0.0371  0.0111  0.0513
 13177.5     409.9   1.086  0.0661  0.8345  0.0371  0.0111  0.0512
 13191.5     410.1   1.086  0.0660  0.8345  0.0371  0.0111  0.0512
 13205.5     410.4   1.086  0.0659  0.8346  0.0372  0.0111  0.0511
 13219.5     410.6   1.086  0.0658  0.8347  0.0372  0.0111  0.0511
 13233.5     410.9   1.086  0.0657  0.8348  0.0372  0.0111  0.0510
 13247.5     411.1   1.086  0.0657  0.8349  0.0373  0.0111  0.0510
 13261.5     411.4   1.087  0.0656  0.8351  0.0373  0.0111  0.0509
 13275.5     411.6   1.087  0.0655  0.8351  0.0373  0.0111  0.0509
 13289.5     411.9   1.087  0.0654  0.8353  0.0374  0.0111  0.0508
 13303.5     412.2   1.087  0.0653  0.8354  0.0374  0.0111  0.0508
 13317.5     412.4   1.087  0.0653  0.8355  0.0374  0.0111  0.0507
 13331.5     412.7   1.087  0.0652  0.8356  0.0375  0.0111  0.0507
 13345.5     412.9   1.087  0.0651  0.8356  0.0375  0.0111  0.0506
 13359.5     413.2   1.087  0.0650  0.8358  0.0375  0.0111  0.0506
 13373.5     413.4   1.087  0.0649  0.8359  0.0376  0.0111  0.0505
 13387.5     413.6   1.087  0.0648  0.8360  0.0376  0.0111  0.0504
 13401.5     413.9   1.087  0.0648  0.8361  0.0376  0.0111  0.0504
 13415.5     414.1   1.087  0.0646  0.8363  0.0376  0.0111  0.0503
 13429.5     414.4   1.087  0.0645  0.8364  0.0377  0.0111  0.0503
 13443.5     414.6   1.087  0.0645  0.8365  0.0377  0.0111  0.0502
 13457.5     414.9   1.087  0.0644  0.8366  0.0378  0.0111  0.0501
 13471.5     415.1   1.087  0.0643  0.8367  0.0378  0.0111  0.0501
 13485.5     415.4   1.087  0.0642  0.8368  0.0378  0.0111  0.0500
 13499.5     415.6   1.087  0.0641  0.8369  0.0379  0.0111  0.0500
 13513.5     415.9   1.087  0.0641  0.8370  0.0379  0.0111  0.0499
 13527.5     416.1   1.087  0.0640  0.8371  0.0379  0.0111  0.0499
 13541.5     416.4   1.087  0.0639  0.8372  0.0380  0.0111  0.0498
 13555.5     416.6   1.087  0.0638  0.8373  0.0380  0.0111  0.0498
 13569.5     416.8   1.087  0.0637  0.8374  0.0380  0.0111  0.0497
 13583.5     417.1   1.087  0.0636  0.8375  0.0381  0.0111  0.0497
 13597.5     417.3   1.087  0.0636  0.8377  0.0381  0.0111  0.0496
 13611.5     417.6   1.087  0.0635  0.8378  0.0381  0.0111  0.0495
 13625.5     417.8   1.087  0.0634  0.8379  0.0382  0.0111  0.0495
 13639.5     418.1   1.087  0.0633  0.8380  0.0382  0.0111  0.0494
 13653.5     418.3   1.087  0.0632  0.8380  0.0382  0.0111  0.0494
 13667.5     418.5   1.087  0.0631  0.8382  0.0382  0.0111  0.0493
 13681.5     418.8   1.087  0.0631  0.8383  0.0383  0.0111  0.0493
 13695.5     419.0   1.087  0.0630  0.8384  0.0383  0.0111  0.0492
 13709.5     419.3   1.087  0.0629  0.8385  0.0384  0.0111  0.0492
 13723.5     419.5   1.087  0.0628  0.8387  0.0384  0.0111  0.0491
 13737.5     419.7   1.087  0.0627  0.8388  0.0384  0.0111  0.0490
 13751.5     420.0   1.088  0.0626  0.8389  0.0384  0.0111  0.0490
 13765.5     420.2   1.088  0.0625  0.8390  0.0385  0.0111  0.0489
 13779.5     420.5   1.088  0.0624  0.8391  0.0385  0.0111  0.0489
 13793.5     420.7   1.088  0.0624  0.8392  0.0385  0.0111  0.0488
 13807.5     420.9   1.088  0.0623  0.8393  0.0386  0.0111  0.0488
 13821.5     421.2   1.088  0.0622  0.8394  0.0386  0.0111  0.0487
 13835.5     421.4   1.088  0.0621  0.8395  0.0386  0.0111  0.0487
 13849.5     421.6   1.088  0.0620  0.8396  0.0387  0.0111  0.0486
 13863.5     421.9   1.088  0.0620  0.8397  0.0387  0.0111  0.0486
 13877.5     422.1   1.088  0.0619  0.8398  0.0387  0.0111  0.0485
 13891.5     422.3   1.088  0.0618  0.8399  0.0388  0.0111  0.0485
 13905.5     422.6   1.088  0.0617  0.8400  0.0388  0.0111  0.0484
 13919.5     422.8   1.088  0.0616  0.8401  0.0388  0.0111  0.0483
 13933.5     423.0   1.088  0.0615  0.8402  0.0389  0.0111  0.0483
 13947.5     423.3   1.088  0.0615  0.8403  0.0389  0.0111  0.0482
 13961.5     423.5   1.088  0.0614  0.8404  0.0389  0.0111  0.0482
 13975.5     423.7   1.088  0.0613  0.8405  0.0390  0.0111  0.0481
 13989.5     424.0   1.088  0.0612  0.8406  0.0390  0.0111  0.0481
